35954
35955
35956
35957
35958
35959
35960
35962
35961
35963
34235
35966
35967
35968
35969
35970
35971
35972
35975
35974
35973
35976
35977
35978
35979
35980
35981
35982
35983
35984
35985
35986
35987
35988
35989
35990
35991
35992
35993
35994
35995
35996
35997
35998
35999
36000
36001
36004
36003
36005
36006
36007
36008
36009
36010
36011
36012
36013
36014
36015
36016
36017
36018
36020
36019
36021
36022
36023
36024
36025
36026
36027
36028
36029
36030
36031
36032
36033
36034
36035
36036
36037
36038
36039
36040
36042
36041
36043
36044
36046
36047
36048
36049
36050
36051
36052
36053
36054
36055
36056
36057
36058
36059
36060
36061
36062
36063
36064
36065
36066
36068
36067
36069
36070
36071
36072
36073
36074
36075
36076
36078
36079
36080
36081
36082
36083
36084
36085
36086
36087
36088
36089
36090
36091
36092
36093
36094
36095
36096
36097
36098
36099
36100
36101
36102
36103
36104
36105
36106
36107
36108
36109
36110
36111
36112
36113
36114
36115
36116
36117
36118
36119
36120
36121
36122
36123
36124
36125
36126
36127
36128
36129
36130
36131
36132
36133
36134
36135
36136
36137
36138
36139
36140
36141
36142
36143
36144
36145
36146
36147
36148
36149
36150
36152
36153
36154
36155
36156
36158
36157
36159
36160
36161
36162
36163
36164
36165
36166
36168
36167
36169
36170
36171
36172
36173
36174
36175
36176
36178
36179
36180
36183
36184
36185
36186
36188
36187
36189
36190
36191
36192
36193
36194
36195
36196
36197
36198
36199
36200
36201
36202
36203
36204
36205
36206
36207
36208
36209
36210
36211
36213
36212
36214
36215
36216
36217
36218
36219
36220
36221
36222
36223
36224
36225
36226
36227
36228
36229
36230
36231
36232
36233
36234
36236
36235
36238
36237
36239
36240
36241
36242
36243
36244
36245
36246
36247
36248
36250
36252
36251
36253
36254
36255
36256
36257
36258
36259
36260
36261
36262
36263
36264
36265
36266
36267
36268
36269
36270
36271
36272
36273
36274
36275
36276
36278
36277
36279
36280
36281
36282
36283
36284
36285
36286
36287
36288
36289
36290
36291
36292
36293
36294
36295
36297
36296
36298
36299
36300
36301
36302
36303
36304
36305
36306
36307
36308
36309
36310
36311
36312
36313
36314
36315
36316
36318
36317
36319
36320
36321
36322
36324
36323
36325
36326
36327
36328
36329
36331
36330
36332
36333
36334
36335
36336
36337
36338
36339
36340
36341
36342
36343
36344
36345
36346
36347
36348
36349
36350
36352
36353
36354
36355
36356
36357
36358
36359
36361
36362
36363
36364
36365
36366
36368
36367
36369
36370
36371
36372
36373
36374
36376
36377
36378
36379
36380
36381
36360
36382
36383
36384
36385
36386
36387
36388
36389
36390
36391
36392
36393
36394
36395
36396
36397
36398
36399
36400
36401
36402
36403
36404
36405
36406
36407
36408
36409
36410
36411
36412
36414
36413
36415
36416
36417
36418
36421
36422
36423
36425
36424
36426
36427
36428
36429
36430
36431
36432
36433
36434
36435
36436
36437
36438
36439
36440
36441
36442
36443
36444
36445
36446
36447
36448
36449
36450
36451
36452
36453
36454
36455
36456
36457
36459
36458
36460
36462
36461
36463
36464
36465
36466
36467
36468
36469
36470
36471
36472
36473
36474
36475
36476
36477
36478
36479
36480
36481
36482
36483
36484
36485
36486
36488
36487
36489
36490
36491
36492
36493
36494
36495
36496
36498
36497
36499
36500
36501
36502
36503
36504
36505
36506
36507
36509
36510
36511
36512
36513
36514
36515
36516
36517
36519
36518
36520
36521
36523
36525
36526
36528
36527
36524
36529
36530
36531
36533
36532
36534
36535
36536
36537
36538
36539
36540
36541
36542
36543
36544
36545
36546
36547
36548
36549
36550
36551
36552
36553
36555
36557
36558
36559
36560
36561
36562
36563
36565
36564
36566
36567
36569
36568
36570
36571
36572
36573
36574
36575
36576
36577
36579
36578
36580
36581
36582
36583
36584
36585
36586
36587
36588
36589
36591
36590
36592
36593
36594
36595
36596
36597
36598
36599
36601
36602
36603
36604
36605
36606
36607
36608
36609
36610
36611
36612
36613
36614
36615
36616
36617
36618
36619
36621
36620
36622
36623
36624
36625
36626
36627
36628
36629
36630
36631
36632
36633
36634
36635
36636
36637
36638
36639
36640
36641
36642
36643
36644
36645
36646
36647
36648
36651
36650
36649
36652
36653
36654
36655
36656
36657
36658
36659
36661
36662
36663
36664
36665
36666
36667
36668
36669
36670
36671
36672
36674
36675
36676
36677
36678
36679
36680
36681
36682
36683
36684
36685
36686
36687
36689
36688
36690
36691
36692
36693
36694
36695
36696
36697
36698
36699
36700
36701
36702
36703
36704
36705
36706
36707
36709
36708
36710
36711
36712
36713
36714
36715
36716
36717
36718
36720
36719
36721
36722
36723
36725
36724
36726
36727
36728
36729
36730
36734
36736
36733
36732
36731
36737
36739
36738
36740
36741
36742
36743
36744
36745
36746
36747
36748
36749
36750
36752
36751
36753
36754
36756
36755
36757
36758
36759
36760
36761
36762
36764
36765
36766
36768
36767
36769
36770
36771
36772
36774
36775
36776
36777
36778
36780
36779
36781
36782
36783
36784
36785
36786
36787
36788
36789
36790
36791
36792
36793
36794
36795
36796
36797
36798
36799
36800
36801
36802
36803
36804
36805
36806
36807
36808
36809
36810
36811
36813
36814
36815
36816
36817
36818
36819
36820
36821
36822
36823
36824
36825
36826
36827
36828
36829
36830
36831
36832
36833
36834
36835
36836
36837
36838
36839
36840
36841
36842
36843
36844
36845
36846
36847
36849
36848
36850
36851
36852
36853
36854
36855
36856
36857
36858
36859
36860
36861
36862
36863
36864
36865
36866
36868
36867
36870
36871
36872
36873
